TB[0,0,0,0,0,0,0,0,0,0,0]*(d-a6-2*a0-a3-a7-a1-a2)
TB[-1,1,0,0,0,0,0,0,0,0,0]*(-a1)
TB[0,0,0,0,0,0,0,1,0,0,0]*(s45*a7)
TB[-1,0,1,0,0,0,0,0,0,0,0]*(-a2)
TB[0,0,0,0,0,0,0,1,0,0,-1]*(-a7)
TB[0,0,1,0,0,0,0,0,0,0,0]*(s12*a2)
TB[-1,0,0,1,0,0,0,0,0,0,0]*(-a3)
TB[0,0,0,0,0,-1,0,1,0,0,0]*(a7)
TB[0,0,0,1,0,0,0,0,0,0,0]*(s45*a3)
TB[-1,0,0,0,0,0,1,0,0,0,0]*(-a6)
TB[0,0,0,0,-1,0,1,0,0,0,0]*(a6)
TB[0,0,0,0,-1,0,0,1,0,0,0]*(a7)
TB[-1,0,0,0,0,0,0,1,0,0,0]*(-a7)

TB[0,0,0,0,1,-1,0,0,0,0,0]*(a4)
TB[0,0,0,0,1,0,0,0,0,0,-1]*(-a4)
TB[0,0,0,0,1,0,0,0,0,0,0]*(s45*a4)
TB[0,0,0,0,0,0,0,0,0,0,0]*(-a6-a10+a7+a5)
TB[0,0,0,0,0,1,0,0,0,0,-1]*(-a5)
TB[0,0,0,0,0,-1,0,0,0,0,1]*(a10)
TB[0,0,0,0,0,0,1,-1,0,0,0]*(a6)
TB[0,0,0,0,0,0,-1,1,0,0,0]*(-a7)
TB[0,0,0,0,0,0,0,0,0,1,0]*(-a9*s34)
TB[0,0,0,0,0,-1,0,0,1,0,0]*(a8)
TB[0,0,0,0,0,0,0,0,1,0,-1]*(-a8)
TB[0,0,0,0,0,0,0,0,1,0,0]*(-s51*a8+s23*a8)
TB[0,0,0,0,0,-1,0,0,0,1,0]*(a9)
TB[0,0,0,0,0,0,0,0,0,1,-1]*(-a9)

TB[0,0,0,0,0,0,0,0,0,0,0]*(d-a9-a6-a10-2*a4-a8-a5)
TB[0,0,0,0,-1,1,0,0,0,0,0]*(-a5)
TB[0,0,0,0,0,0,0,0,0,0,1]*(s45*a10)
TB[-1,0,0,0,0,0,1,0,0,0,0]*(a6)
TB[0,0,0,0,-1,0,1,0,0,0,0]*(-a6)
TB[0,0,0,0,-1,0,0,0,0,0,1]*(-a10)
TB[-1,0,0,0,0,0,0,1,0,0,0]*(a7)
TB[0,0,0,0,-1,0,0,1,0,0,0]*(-a7)
TB[0,0,0,0,0,-1,0,1,0,0,0]*(-a7)
TB[0,0,0,0,0,0,-1,1,0,0,0]*(-a7)
TB[0,0,0,0,0,0,0,1,0,0,-1]*(a7)
TB[0,0,0,0,0,0,0,1,0,0,0]*(-s45*a7)
TB[0,0,0,0,-1,0,0,0,1,0,0]*(-a8)
TB[0,0,0,0,0,0,0,0,0,1,0]*(a9*s12)
TB[0,0,0,0,-1,0,0,0,0,1,0]*(-a9)

TB[0,0,0,0,0,0,0,0,0,0,0]*(-a0+a1)
TB[1,-1,0,0,0,0,0,0,0,0,0]*(a0)
TB[-1,1,0,0,0,0,0,0,0,0,0]*(-a1)
TB[0,0,0,0,0,0,0,1,0,0,0]*(-s23*a7+s45*a7+a7*s51)
TB[-1,0,1,0,0,0,0,0,0,0,0]*(-a2)
TB[0,-1,1,0,0,0,0,0,0,0,0]*(a2)
TB[0,0,1,0,0,0,0,0,0,0,0]*(s12*a2)
TB[-1,0,0,1,0,0,0,0,0,0,0]*(-a3)
TB[0,-1,0,1,0,0,0,0,0,0,0]*(a3)
TB[0,0,0,1,0,0,0,0,0,0,0]*(-s23*a3+s45*a3)
TB[-1,0,0,0,0,0,1,0,0,0,0]*(-a6)
TB[0,-1,0,0,0,0,1,0,0,0,0]*(a6)
TB[0,0,0,0,-1,0,1,0,0,0,0]*(a6)
TB[0,0,0,0,0,0,1,0,-1,0,0]*(-a6)
TB[-1,0,0,0,0,0,0,1,0,0,0]*(-a7)
TB[0,-1,0,0,0,0,0,1,0,0,0]*(a7)
TB[0,0,0,0,-1,0,0,1,0,0,0]*(a7)
TB[0,0,0,0,0,0,0,1,-1,0,0]*(-a7)

TB[1,-1,0,0,0,0,0,0,0,0,0]*(-a0)
TB[1,0,-1,0,0,0,0,0,0,0,0]*(a0)
TB[1,0,0,0,0,0,0,0,0,0,0]*(-a0*s12)
TB[0,0,0,0,0,0,0,0,0,0,0]*(-a1+a2)
TB[0,1,-1,0,0,0,0,0,0,0,0]*(a1)
TB[0,-1,1,0,0,0,0,0,0,0,0]*(-a2)
TB[0,0,0,0,0,0,0,1,0,0,0]*(s23*a7+a7*s34-a7*s51)
TB[0,-1,0,1,0,0,0,0,0,0,0]*(-a3)
TB[0,0,-1,1,0,0,0,0,0,0,0]*(a3)
TB[0,0,0,1,0,0,0,0,0,0,0]*(s23*a3)
TB[0,-1,0,0,0,0,1,0,0,0,0]*(-a6)
TB[0,0,-1,0,0,0,1,0,0,0,0]*(a6)
TB[0,0,0,0,0,0,1,0,-1,0,0]*(a6)
TB[0,0,0,0,0,0,1,0,0,-1,0]*(-a6)
TB[0,-1,0,0,0,0,0,1,0,0,0]*(-a7)
TB[0,0,-1,0,0,0,0,1,0,0,0]*(a7)
TB[0,0,0,0,0,0,0,1,-1,0,0]*(a7)
TB[0,0,0,0,0,0,0,1,0,-1,0]*(-a7)

TB[1,0,-1,0,0,0,0,0,0,0,0]*(-a0)
TB[1,0,0,-1,0,0,0,0,0,0,0]*(a0)
TB[1,0,0,0,0,0,0,0,0,0,0]*(a0*s12-s45*a0)
TB[0,1,-1,0,0,0,0,0,0,0,0]*(-a1)
TB[0,1,0,-1,0,0,0,0,0,0,0]*(a1)
TB[0,1,0,0,0,0,0,0,0,0,0]*(-s23*a1)
TB[0,0,0,0,0,0,0,0,0,0,0]*(a3-a2)
TB[0,0,1,-1,0,0,0,0,0,0,0]*(a2)
TB[0,0,-1,1,0,0,0,0,0,0,0]*(-a3)
TB[0,0,0,0,0,0,0,1,0,0,0]*(-a7*s34)
TB[0,0,-1,0,0,0,1,0,0,0,0]*(-a6)
TB[0,0,0,-1,0,0,1,0,0,0,0]*(a6)
TB[0,0,0,0,0,0,1,0,0,-1,0]*(a6)
TB[0,0,0,0,0,0,1,0,0,0,-1]*(-a6)
TB[0,0,-1,0,0,0,0,1,0,0,0]*(-a7)
TB[0,0,0,-1,0,0,0,1,0,0,0]*(a7)
TB[0,0,0,0,0,0,0,1,0,-1,0]*(a7)
TB[0,0,0,0,0,0,0,1,0,0,-1]*(-a7)

TB[0,0,0,0,0,0,0,0,0,0,0]*(-a4+a8)
TB[0,0,0,0,1,0,0,0,-1,0,0]*(a4)
TB[0,0,0,0,-1,1,0,0,0,0,0]*(-a5)
TB[0,0,0,0,0,1,0,0,-1,0,0]*(a5)
TB[0,0,0,0,0,1,0,0,0,0,0]*(-s51*a5)
TB[-1,0,0,0,0,0,1,0,0,0,0]*(a6)
TB[0,-1,0,0,0,0,1,0,0,0,0]*(-a6)
TB[0,0,0,0,-1,0,1,0,0,0,0]*(-a6)
TB[0,0,0,0,0,0,1,0,-1,0,0]*(a6)
TB[-1,0,0,0,0,0,0,1,0,0,0]*(a7)
TB[0,-1,0,0,0,0,0,1,0,0,0]*(-a7)
TB[0,0,0,0,-1,0,0,1,0,0,0]*(-a7)
TB[0,0,0,0,0,0,0,1,-1,0,0]*(a7)
TB[0,0,0,0,0,0,0,1,0,0,0]*(s23*a7-s45*a7-a7*s51)
TB[0,0,0,0,-1,0,0,0,1,0,0]*(-a8)
TB[0,0,0,0,0,0,0,0,0,0,1]*(s45*a10-s23*a10)
TB[0,0,0,0,-1,0,0,0,0,1,0]*(-a9)
TB[0,0,0,0,0,0,0,0,-1,1,0]*(a9)
TB[0,0,0,0,0,0,0,0,0,1,0]*(a9*s12)
TB[0,0,0,0,-1,0,0,0,0,0,1]*(-a10)
TB[0,0,0,0,0,0,0,0,-1,0,1]*(a10)

TB[0,0,0,0,1,0,0,0,-1,0,0]*(-a4)
TB[0,0,0,0,1,0,0,0,0,-1,0]*(a4)
TB[0,0,0,0,1,0,0,0,0,0,0]*(-s12*a4)
TB[0,0,0,0,0,1,0,0,-1,0,0]*(-a5)
TB[0,0,0,0,0,1,0,0,0,-1,0]*(a5)
TB[0,0,0,0,0,1,0,0,0,0,0]*(-s34*a5+s51*a5)
TB[0,-1,0,0,0,0,1,0,0,0,0]*(a6)
TB[0,0,-1,0,0,0,1,0,0,0,0]*(-a6)
TB[0,0,0,0,0,0,1,0,-1,0,0]*(-a6)
TB[0,0,0,0,0,0,1,0,0,-1,0]*(a6)
TB[0,-1,0,0,0,0,0,1,0,0,0]*(a7)
TB[0,0,-1,0,0,0,0,1,0,0,0]*(-a7)
TB[0,0,0,0,0,0,0,1,-1,0,0]*(-a7)
TB[0,0,0,0,0,0,0,1,0,-1,0]*(a7)
TB[0,0,0,0,0,0,0,1,0,0,0]*(-s23*a7-a7*s34+a7*s51)
TB[0,0,0,0,0,0,0,0,0,0,0]*(a9-a8)
TB[0,0,0,0,0,0,0,0,1,-1,0]*(a8)
TB[0,0,0,0,0,0,0,0,-1,1,0]*(-a9)
TB[0,0,0,0,0,0,0,0,0,0,1]*(s23*a10)
TB[0,0,0,0,0,0,0,0,-1,0,1]*(-a10)
TB[0,0,0,0,0,0,0,0,0,-1,1]*(a10)

TB[0,0,0,0,1,0,0,0,0,-1,0]*(-a4)
TB[0,0,0,0,1,0,0,0,0,0,-1]*(a4)
TB[0,0,0,0,1,0,0,0,0,0,0]*(-s45*a4+s12*a4)
TB[0,0,0,0,0,1,0,0,0,-1,0]*(-a5)
TB[0,0,0,0,0,1,0,0,0,0,-1]*(a5)
TB[0,0,0,0,0,1,0,0,0,0,0]*(s34*a5)
TB[0,0,-1,0,0,0,1,0,0,0,0]*(a6)
TB[0,0,0,-1,0,0,1,0,0,0,0]*(-a6)
TB[0,0,0,0,0,0,1,0,0,-1,0]*(-a6)
TB[0,0,0,0,0,0,1,0,0,0,-1]*(a6)
TB[0,0,-1,0,0,0,0,1,0,0,0]*(a7)
TB[0,0,0,-1,0,0,0,1,0,0,0]*(-a7)
TB[0,0,0,0,0,0,0,1,0,-1,0]*(-a7)
TB[0,0,0,0,0,0,0,1,0,0,-1]*(a7)
TB[0,0,0,0,0,0,0,1,0,0,0]*(a7*s34)
TB[0,0,0,0,0,0,0,0,1,-1,0]*(-a8)
TB[0,0,0,0,0,0,0,0,1,0,-1]*(a8)
TB[0,0,0,0,0,0,0,0,1,0,0]*(-s23*a8)
TB[0,0,0,0,0,0,0,0,0,0,0]*(-a9+a10)
TB[0,0,0,0,0,0,0,0,0,1,-1]*(a9)
TB[0,0,0,0,0,0,0,0,0,-1,1]*(-a10)

TB[0,0,0,0,0,0,0,0,0,0,0]*(a6-a0)
TB[1,0,0,0,-1,0,0,0,0,0,0]*(-a0)
TB[1,0,0,0,0,0,-1,0,0,0,0]*(a0)
TB[-1,1,0,0,0,0,0,0,0,0,0]*(-a1)
TB[0,1,0,0,0,0,-1,0,0,0,0]*(a1)
TB[0,1,0,0,0,0,0,0,-1,0,0]*(-a1)
TB[-1,0,1,0,0,0,0,0,0,0,0]*(-a2)
TB[0,0,1,0,0,0,-1,0,0,0,0]*(a2)
TB[0,0,1,0,0,0,0,0,0,-1,0]*(-a2)
TB[0,0,1,0,0,0,0,0,0,0,0]*(s12*a2)
TB[-1,0,0,1,0,0,0,0,0,0,0]*(-a3)
TB[0,0,0,1,0,0,-1,0,0,0,0]*(a3)
TB[0,0,0,1,0,0,0,0,0,0,-1]*(-a3)
TB[0,0,0,1,0,0,0,0,0,0,0]*(s45*a3)
TB[-1,0,0,0,0,0,1,0,0,0,0]*(-a6)
TB[0,0,0,0,-1,0,1,0,0,0,0]*(a6)
TB[0,0,0,0,0,0,0,1,0,0,0]*(s45*a7)
TB[-1,0,0,0,0,0,0,1,0,0,0]*(-a7)
TB[0,0,0,0,-1,0,0,1,0,0,0]*(a7)
TB[0,0,0,0,0,-1,0,1,0,0,0]*(a7)
TB[0,0,0,0,0,0,-1,1,0,0,0]*(a7)
TB[0,0,0,0,0,0,0,1,0,0,-1]*(-a7)

TB[1,0,0,0,0,-1,0,0,0,0,0]*(a0)
TB[1,0,0,0,0,0,-1,0,0,0,0]*(a0)
TB[1,0,0,0,0,0,0,-1,0,0,0]*(-a0)
TB[1,0,0,0,0,0,0,0,0,0,-1]*(-a0)
TB[1,0,0,0,0,0,0,0,0,0,0]*(s45*a0)
TB[0,1,0,0,0,-1,0,0,0,0,0]*(a1)
TB[0,1,0,0,0,0,-1,0,0,0,0]*(a1)
TB[0,1,0,0,0,0,0,-1,0,0,0]*(-a1)
TB[0,1,0,0,0,0,0,0,0,0,-1]*(-a1)
TB[0,1,0,0,0,0,0,0,0,0,0]*(-a1*s51+s23*a1)
TB[0,0,1,0,0,-1,0,0,0,0,0]*(a2)
TB[0,0,1,0,0,0,-1,0,0,0,0]*(a2)
TB[0,0,1,0,0,0,0,-1,0,0,0]*(-a2)
TB[0,0,1,0,0,0,0,0,0,0,-1]*(-a2)
TB[0,0,1,0,0,0,0,0,0,0,0]*(-s34*a2)
TB[0,0,0,1,0,-1,0,0,0,0,0]*(a3)
TB[0,0,0,1,0,0,-1,0,0,0,0]*(a3)
TB[0,0,0,1,0,0,0,-1,0,0,0]*(-a3)
TB[0,0,0,1,0,0,0,0,0,0,-1]*(-a3)
TB[0,0,0,0,0,0,0,0,0,0,0]*(a6-a7)
TB[0,0,0,0,0,0,1,-1,0,0,0]*(-a6)
TB[0,0,0,0,0,0,-1,1,0,0,0]*(a7)

TB[-1,0,0,0,1,0,0,0,0,0,0]*(-a4)
TB[0,0,0,0,0,0,0,0,0,0,0]*(a6+a7-a4-a5)
TB[0,0,0,0,1,0,-1,0,0,0,0]*(a4)
TB[0,0,0,-1,0,1,0,0,0,0,0]*(-a5)
TB[0,0,0,0,-1,1,0,0,0,0,0]*(-a5)
TB[0,0,0,0,0,0,0,0,0,0,1]*(s45*a10)
TB[0,0,0,0,0,1,0,-1,0,0,0]*(a5)
TB[0,0,0,0,0,1,0,0,0,0,-1]*(a5)
TB[-1,0,0,0,0,0,1,0,0,0,0]*(a6)
TB[0,0,0,0,-1,0,1,0,0,0,0]*(-a6)
TB[0,0,0,0,0,0,-1,0,0,0,1]*(a10)
TB[-1,0,0,0,0,0,0,1,0,0,0]*(a7)
TB[0,0,0,0,-1,0,0,1,0,0,0]*(-a7)
TB[0,0,0,0,0,-1,0,1,0,0,0]*(-a7)
TB[0,0,0,0,-1,0,0,0,0,0,1]*(-a10)
TB[0,0,0,0,0,0,0,1,0,0,-1]*(a7)
TB[0,0,0,0,0,0,0,1,0,0,0]*(-s45*a7)
TB[0,-1,0,0,0,0,0,0,1,0,0]*(-a8)
TB[0,0,0,0,-1,0,0,0,1,0,0]*(-a8)
TB[0,0,0,0,0,0,-1,0,1,0,0]*(a8)
TB[0,0,-1,0,0,0,0,0,0,1,0]*(-a9)
TB[0,0,0,0,-1,0,0,0,0,1,0]*(-a9)
TB[0,0,0,0,0,0,-1,0,0,1,0]*(a9)
TB[0,0,0,0,0,0,0,0,0,1,0]*(a9*s12)
TB[0,0,0,-1,0,0,0,0,0,0,1]*(-a10)

