TB[0,0,1,0,1,0,1,0,0,0,0]  #  84
TB[0,0,0,1,1,0,1,0,0,0,0]  #  88
TB[0,1,0,1,1,0,1,0,0,0,0]  #  90
TB[0,1,1,1,1,0,1,0,0,0,0]  #  94
TB[0,1,0,0,0,1,1,0,0,0,0]  #  98
TB[0,0,1,0,0,1,1,0,0,0,0]  # 100
TB[1,0,1,0,0,1,1,0,0,0,0]  # 101
TB[1,1,1,0,0,1,1,0,0,0,0]  # 103
TB[0,1,1,0,1,1,1,0,0,0,0]  # 118
TB[1,0,0,1,0,1,1,0,0,0,0]  # 105
TB[0,1,0,1,0,1,1,0,0,0,0]  # 106
TB[1,1,0,1,0,1,1,0,0,0,0]  # 107
TB[0,1,0,1,1,1,1,0,0,0,0]  # 122
TB[-1,1,0,1,1,1,1,0,0,0,0] # 122
TB[1,0,1,1,0,1,1,0,0,0,0]  # 109
TB[0,0,1,1,1,1,1,0,0,0,0]  # 124
TB[0,1,1,1,0,1,1,0,0,0,0]  # 110
TB[1,1,1,1,0,1,1,0,0,0,0]  # 111
TB[1,1,1,1,-1,1,1,0,0,0,0] # 111
TB[0,1,1,1,1,1,1,0,0,0,0]  # 126
TB[-1,1,1,1,1,1,1,0,0,0,0] # 126
TB[0,1,0,0,1,0,0,1,0,0,0]  # 146
TB[0,0,1,0,1,0,0,1,0,0,0]  # 148
TB[1,0,1,0,1,0,0,1,0,0,0]  # 149
TB[1,1,1,0,1,0,0,1,0,0,0]  # 151
TB[0,1,0,1,1,0,0,1,0,0,0]  # 154
TB[1,1,0,1,1,0,0,1,0,0,0]  # 155
TB[1,0,1,1,1,0,0,1,0,0,0]  # 157
TB[0,1,1,1,1,0,0,1,0,0,0]  # 158
TB[1,1,1,1,1,0,0,1,0,0,0]  # 159
TB[1,1,1,1,1,-1,0,1,0,0,0] # 159
TB[0,1,0,0,0,1,0,1,0,0,0]  # 162
TB[1,1,0,0,1,1,0,1,0,0,0]  # 179
TB[1,0,1,0,0,1,0,1,0,0,0]  # 165
TB[1,0,1,0,1,1,0,1,0,0,0]  # 181
TB[1,-1,1,0,1,1,0,1,0,0,0] # 181
TB[1,1,1,0,0,1,0,1,0,0,0]  # 167
TB[0,1,1,0,1,1,0,1,0,0,0]  # 182
TB[1,1,1,0,1,1,0,1,0,0,0]  # 183
TB[1,1,1,-1,1,1,0,1,0,0,0] # 183
TB[0,1,1,0,1,0,1,1,0,0,0]  # 214
TB[0,1,0,1,1,0,1,1,0,0,0]  # 218
TB[-1,1,0,1,1,0,1,1,0,0,0] # 218
TB[0,0,1,1,1,0,1,1,0,0,0]  # 220
TB[0,1,1,1,1,0,1,1,0,0,0]  # 222
TB[-1,1,1,1,1,0,1,1,0,0,0] # 222
TB[1,1,0,0,0,1,1,1,0,0,0]  # 227
TB[0,1,0,0,1,1,1,1,0,0,0]  # 242
TB[1,0,1,0,0,1,1,1,0,0,0]  # 229
TB[1,0,1,0,-1,1,1,1,0,0,0] # 229
TB[0,0,1,0,1,1,1,1,0,0,0]  # 244
TB[1,0,1,0,1,1,1,1,0,0,0]  # 245
TB[1,-1,1,0,1,1,1,1,0,0,0] # 245
TB[0,1,1,0,0,1,1,1,0,0,0]  # 230
TB[1,1,1,0,0,1,1,1,0,0,0]  # 231
TB[1,1,1,0,-1,1,1,1,0,0,0] # 231
TB[0,1,1,0,1,1,1,1,0,0,0]  # 246
TB[1,1,1,0,1,1,1,1,0,0,0]  # 247
TB[1,1,1,-1,1,1,1,1,0,0,0] # 247
TB[1,1,1,0,1,1,1,1,-1,0,0] # 247
TB[1,0,0,1,1,1,1,1,0,0,0]  # 249
TB[0,1,0,1,1,1,1,1,0,0,0]  # 250
TB[-1,1,0,1,1,1,1,1,0,0,0] # 250
TB[1,1,0,1,1,1,1,1,0,0,0]  # 251
TB[1,1,-1,1,1,1,1,1,0,0,0] # 251
TB[1,0,1,1,1,1,1,1,0,0,0]  # 253
TB[1,-1,1,1,1,1,1,1,0,0,0] # 253
TB[0,1,1,1,1,1,1,1,0,0,0]  # 254
TB[-1,1,1,1,1,1,1,1,0,0,0] # 254
TB[0,1,1,1,1,1,1,1,-1,0,0] # 254
TB[1,1,1,1,1,1,1,1,0,0,0]  # 255
TB[1,1,1,1,1,1,1,1,-1,0,0] # 255
TB[1,1,1,1,1,1,1,1,-2,0,0] # 255
